(2017-02-01,1,-99,5,1518,1385)
(2017-02-01,1,-99,10,1216,1383)
(2017-02-01,1,-99,15,155,100)
(2017-02-01,10,-99,5,7730,3777)
(2017-02-01,10,-99,10,2038,3716)
(2017-02-01,10,-99,15,141,2047)
(2017-02-01,11,-99,5,11433,8808)
(2017-02-01,11,-99,10,4368,7331)
(2017-02-01,11,-99,15,509,370)
(2017-02-01,11,1101,5,9519,7487)
(2017-02-01,11,1101,10,5522,7281)
(2017-02-01,11,1101,15,437,418)
(2017-02-01,12,-99,5,4206,1927)
(2017-02-01,12,-99,10,1172,2199)
(2017-02-01,12,-99,15,70,1325)
(2017-02-01,13,-99,5,4491,2341)
(2017-02-01,13,-99,10,1104,2181)
(2017-02-01,13,-99,15,63,1067)
(2017-02-01,13,1301,5,7011,3327)
(2017-02-01,13,1301,10,1937,3406)
(2017-02-01,13,1301,15,122,2459)
(2017-02-01,14,-99,5,8890,5664)
(2017-02-01,14,-99,10,2581,4177)
(2017-02-01,14,-99,15,85,1684)
(2017-02-01,15,-99,5,6343,4457)
(2017-02-01,15,-99,10,3550,4044)
(2017-02-01,15,-99,15,77,1293)
(2017-02-01,15,1501,5,7693,5458)
(2017-02-01,15,1501,10,3675,4772)
(2017-02-01,15,1501,15,96,1426)
(2017-02-01,16,-99,5,8743,4280)
(2017-02-01,16,-99,10,2657,4617)
(2017-02-01,16,-99,15,208,2729)
(2017-02-01,17,-99,5,5755,3574)
(2017-02-01,17,-99,10,2048,3239)
(2017-02-01,17,-99,15,57,1076)
(2017-02-01,18,-99,5,5359,2723)
(2017-02-01,18,-99,10,1740,2771)
(2017-02-01,18,-99,15,136,1749)
(2017-02-01,2,-99,5,2066,1477)
(2017-02-01,2,-99,10,1109,1759)
(2017-02-01,2,-99,15,101,78)
(2017-02-01,20,-99,5,11411,6530)
(2017-02-01,20,-99,10,2670,4877)
(2017-02-01,20,-99,15,241,2559)
(2017-02-01,20,2001,5,12322,6876)
(2017-02-01,20,2001,10,5240,6844)
(2017-02-01,20,2001,15,312,4557)
(2017-02-01,21,-99,5,10979,5310)
(2017-02-01,21,-99,10,1202,4741)
(2017-02-01,21,-99,15,343,2483)
(2017-02-01,22,-99,5,7432,3638)
(2017-02-01,22,-99,10,2309,3777)
(2017-02-01,22,-99,15,155,2376)
(2017-02-01,23,-99,5,998,783)
(2017-02-01,23,-99,10,517,862)
(2017-02-01,23,-99,15,42,49)
(2017-02-01,24,-99,5,10025,9096)
(2017-02-01,24,-99,10,7639,8739)
(2017-02-01,24,-99,15,837,727)
(2017-02-01,24,2401,5,2985,2924)
(2017-02-01,24,2401,10,2252,2270)
(2017-02-01,24,2401,15,178,147)
(2017-02-01,25,-99,5,5417,2609)
(2017-02-01,25,-99,10,1573,2876)
(2017-02-01,25,-99,15,121,1663)
(2017-02-01,26,-99,5,5340,2593)
(2017-02-01,26,-99,10,1504,2780)
(2017-02-01,26,-99,15,101,1609)
(2017-02-01,27,-99,5,22269,11568)
(2017-02-01,27,-99,10,3257,9148)
(2017-02-01,27,-99,15,435,4986)
(2017-02-01,27,2701,5,8728,4844)
(2017-02-01,27,2701,10,1351,3716)
(2017-02-01,27,2701,15,130,1814)
(2017-02-01,27,2702,5,2623,1714)
(2017-02-01,27,2702,10,120,892)
(2017-02-01,27,2702,15,112,328)
(2017-02-01,28,-99,5,4157,3719)
(2017-02-01,28,-99,10,2962,3479)
(2017-02-01,28,-99,15,408,389)
(2017-02-01,28,2801,5,4865,4712)
(2017-02-01,28,2801,10,3552,3614)
(2017-02-01,28,2801,15,292,336)
(2017-02-01,29,-99,5,5361,4561)
(2017-02-01,29,-99,10,4114,3913)
(2017-02-01,29,-99,15,41,1026)
(2017-02-01,3,-99,5,4264,2008)
(2017-02-01,3,-99,10,1084,2061)
(2017-02-01,3,-99,15,105,1391)
(2017-02-01,30,-99,5,5069,2981)
(2017-02-01,30,-99,10,1875,2620)
(2017-02-01,30,-99,15,82,1434)
(2017-02-01,31,-99,5,7473,4388)
(2017-02-01,31,-99,10,1193,3155)
(2017-02-01,31,-99,15,87,1230)
(2017-02-01,33,-99,5,17723,9979)
(2017-02-01,33,-99,10,7052,9576)
(2017-02-01,33,-99,15,289,5566)
(2017-02-01,34,-99,5,110039,50356)
(2017-02-01,34,-99,10,29682,50572)
(2017-02-01,34,-99,15,4548,30848)
(2017-02-01,34,3401,5,124607,64876)
(2017-02-01,34,3401,10,33770,66519)
(2017-02-01,34,3401,15,6000,46632)
(2017-02-01,35,-99,5,2858,1499)
(2017-02-01,35,-99,10,1363,1626)
(2017-02-01,35,-99,15,111,1220)
(2017-02-01,36,-99,5,1468,907)
(2017-02-01,36,-99,10,312,643)
(2017-02-01,36,-99,15,19,343)
(2017-02-01,37,-99,5,9338,4607)
(2017-02-01,37,-99,10,2201,4473)
(2017-02-01,37,-99,15,111,2561)
(2017-02-01,38,-99,5,9685,5408)
(2017-02-01,38,-99,10,1816,4249)
(2017-02-01,38,-99,15,79,1600)
(2017-02-01,38,3801,5,9584,6521)
(2017-02-01,38,3801,10,1040,3475)
(2017-02-01,38,3801,15,68,902)
(2017-02-01,39,-99,5,2541,1387)
(2017-02-01,39,-99,10,1043,1420)
(2017-02-01,39,-99,15,70,770)
(2017-02-01,4,-99,5,7637,5657)
(2017-02-01,4,-99,10,6181,5929)
(2017-02-01,4,-99,15,147,2386)
(2017-02-01,40,-99,5,2867,2511)
(2017-02-01,40,-99,10,1871,2371)
(2017-02-01,40,-99,15,220,275)
(2017-02-01,40,4001,5,6034,5745)
(2017-02-01,40,4001,10,4624,4681)
(2017-02-01,40,4001,15,434,468)
(2017-02-01,41,-99,5,1470,1236)
(2017-02-01,41,-99,10,1127,1220)
(2017-02-01,41,-99,15,137,261)
(2017-02-01,41,4101,5,5301,5209)
(2017-02-01,41,4101,10,4124,3974)
(2017-02-01,41,4101,15,374,636)
(2017-02-01,42,-99,5,10976,9052)
(2017-02-01,42,-99,10,7935,7755)
(2017-02-01,42,-99,15,96,2181)
(2017-02-01,43,-99,5,4304,2133)
(2017-02-01,43,-99,10,1222,2117)
(2017-02-01,43,-99,15,75,1340)
(2017-02-01,44,-99,5,9103,4663)
(2017-02-01,44,-99,10,2625,4831)
(2017-02-01,44,-99,15,86,2572)
(2017-02-01,45,-99,5,2955,2079)
(2017-02-01,45,-99,10,1666,1748)
(2017-02-01,45,-99,15,38,688)
(2017-02-01,45,4501,5,4676,3615)
(2017-02-01,45,4501,10,2604,3016)
(2017-02-01,45,4501,15,57,828)
(2017-02-01,46,-99,5,1092,590)
(2017-02-01,46,-99,10,418,552)
(2017-02-01,46,-99,15,19,379)
(2017-02-01,48,-99,5,1301,698)
(2017-02-01,48,-99,10,623,721)
(2017-02-01,48,-99,15,34,531)
(2017-02-01,49,-99,5,13199,7148)
(2017-02-01,49,-99,10,4577,6537)
(2017-02-01,49,-99,15,385,3880)
(2017-02-01,49,4901,5,7087,4116)
(2017-02-01,49,4901,10,3386,4224)
(2017-02-01,49,4901,15,353,3066)
(2017-02-01,5,-99,5,12073,10750)
(2017-02-01,5,-99,10,9107,10922)
(2017-02-01,5,-99,15,1009,987)
(2017-02-01,5,501,5,6480,6023)
(2017-02-01,5,501,10,5182,5178)
(2017-02-01,5,501,15,391,378)
(2017-02-01,50,-99,5,4972,2740)
(2017-02-01,50,-99,10,2101,2705)
(2017-02-01,50,-99,15,102,1547)
(2017-02-01,51,-99,5,2261,1290)
(2017-02-01,51,-99,10,742,1144)
(2017-02-01,51,-99,15,34,464)
(2017-02-01,51,5101,5,5125,2444)
(2017-02-01,51,5101,10,1100,2552)
(2017-02-01,51,5101,15,95,1448)
(2017-02-01,51,5102,5,5924,3455)
(2017-02-01,51,5102,10,1840,3244)
(2017-02-01,51,5102,15,110,1353)
(2017-02-01,52,-99,5,15485,7512)
(2017-02-01,52,-99,10,7001,8364)
(2017-02-01,52,-99,15,415,5270)
(2017-02-01,52,5201,5,25495,14093)
(2017-02-01,52,5201,10,10183,13871)
(2017-02-01,52,5201,15,694,10382)
(2017-02-01,53,-99,5,3290,1792)
(2017-02-01,53,-99,10,1545,1926)
(2017-02-01,53,-99,15,89,1177)
(2017-02-01,54,-99,5,8241,4792)
(2017-02-01,54,-99,10,4562,5184)
(2017-02-01,54,-99,15,108,2744)
(2017-02-01,54,5401,5,7129,4570)
(2017-02-01,54,5401,10,3493,4339)
(2017-02-01,54,5401,15,108,2090)
(2017-02-01,55,-99,5,5046,2749)
(2017-02-01,55,-99,10,2432,3010)
(2017-02-01,55,-99,15,111,1803)
(2017-02-01,56,-99,5,41,23)
(2017-02-01,56,-99,10,3,12)
(2017-02-01,56,-99,15,4,5)
(2017-02-01,57,-99,5,14131,8041)
(2017-02-01,57,-99,10,2154,5874)
(2017-02-01,57,-99,15,119,2457)
(2017-02-01,57,5701,5,6616,3907)
(2017-02-01,57,5701,10,1168,2706)
(2017-02-01,57,5701,15,38,1373)
(2017-02-01,58,-99,5,3920,2801)
(2017-02-01,58,-99,10,2252,2553)
(2017-02-01,58,-99,15,53,911)
(2017-02-01,59,-99,5,2106,947)
(2017-02-01,59,-99,10,566,1121)
(2017-02-01,59,-99,15,62,674)
(2017-02-01,6,-99,5,6809,3734)
(2017-02-01,6,-99,10,3045,3875)
(2017-02-01,6,-99,15,104,2390)
(2017-02-01,60,-99,5,3956,2179)
(2017-02-01,60,-99,10,1771,2191)
(2017-02-01,60,-99,15,62,1318)
(2017-02-01,61,-99,5,9067,4573)
(2017-02-01,61,-99,10,2406,4323)
(2017-02-01,61,-99,15,128,2441)
(2017-02-01,62,-99,5,1821,959)
(2017-02-01,62,-99,10,298,743)
(2017-02-01,62,-99,15,29,291)
(2017-02-01,63,-99,5,4283,4145)
(2017-02-01,63,-99,10,3643,3784)
(2017-02-01,63,-99,15,320,311)
(2017-02-01,64,-99,5,12285,6406)
(2017-02-01,64,-99,10,3151,5923)
(2017-02-01,64,-99,15,225,3091)
(2017-02-01,65,-99,5,5021,3746)
(2017-02-01,65,-99,10,2790,3243)
(2017-02-01,65,-99,15,65,873)
(2017-02-01,66,-99,5,6011,3937)
(2017-02-01,66,-99,10,4051,4499)
(2017-02-01,66,-99,15,64,1699)
(2017-02-01,67,-99,5,11425,9037)
(2017-02-01,67,-99,10,9013,8333)
(2017-02-01,67,-99,15,85,2877)
(2017-02-01,67,6701,5,6266,5032)
(2017-02-01,67,6701,10,3996,4190)
(2017-02-01,67,6701,15,69,1275)
(2017-02-01,68,-99,5,5218,3789)
(2017-02-01,68,-99,10,2498,4078)
(2017-02-01,68,-99,15,164,217)
(2017-02-01,69,-99,5,11412,5446)
(2017-02-01,69,-99,10,3369,5988)
(2017-02-01,69,-99,15,249,3624)
(2017-02-01,7,-99,5,7895,3971)
(2017-02-01,7,-99,10,2261,3968)
(2017-02-01,7,-99,15,156,2381)
(2017-02-01,70,-99,5,7347,5188)
(2017-02-01,70,-99,10,3004,4004)
(2017-02-01,70,-99,15,83,1118)
(2017-02-01,70,7001,5,4704,3520)
(2017-02-01,70,7001,10,1771,2621)
(2017-02-01,70,7001,15,60,570)
(2017-02-01,71,-99,5,2669,1329)
(2017-02-01,71,-99,10,166,1017)
(2017-02-01,71,-99,15,16,511)
(2017-02-01,74,-99,5,2920,1649)
(2017-02-01,74,-99,10,1289,1903)
(2017-02-01,74,-99,15,114,768)
(2017-02-01,77,-99,5,14852,9793)
(2017-02-01,77,-99,10,1179,4719)
(2017-02-01,77,-99,15,108,1564)
(2017-02-01,9,-99,5,3915,2071)
(2017-02-01,9,-99,10,814,1709)
(2017-02-01,9,-99,15,27,851)
(2017-02-01,Location_not_found,Location_not_found,5,32196,22624)
(2017-02-01,Location_not_found,Location_not_found,10,13972,21112)
(2017-02-01,Location_not_found,Location_not_found,15,1015,2676)
